Steppingstone sampler:
        No Stones:                  100
        Start It:                   20000001
        It Per Stone:               50000
        Sample Freq:                1
        Dist:                       Beta(0.400000,1.000000)
Stone No	Power	N	Stone MLh	Running MLh
0	0.975187	37500	-1.736404	-1.736404
1	0.950747	37500	-1.710859	-3.447264
2	0.926679	37500	-1.685001	-5.132264
3	0.902980	37500	-1.665049	-6.797313
4	0.879648	37500	-1.635935	-8.433248
5	0.856682	37500	-1.619504	-10.052752
6	0.834079	37500	-1.604310	-11.657062
7	0.811838	37500	-1.574871	-13.231934
8	0.789957	37500	-1.550857	-14.782791
9	0.768433	37500	-1.537166	-16.319958
10	0.747266	37500	-1.517725	-17.837683
11	0.726452	37500	-1.485853	-19.323535
12	0.705989	37500	-1.473125	-20.796660
13	0.685877	37500	-1.446161	-22.242821
14	0.666112	37500	-1.436458	-23.679280
15	0.646693	37500	-1.401865	-25.081145
16	0.627618	37500	-1.387878	-26.469023
17	0.608884	37500	-1.362622	-27.831646
18	0.590490	37500	-1.342647	-29.174292
19	0.572433	37500	-1.324453	-30.498746
20	0.554712	37500	-1.315818	-31.814564
21	0.537324	37500	-1.298862	-33.113426
22	0.520268	37500	-1.275044	-34.388470
23	0.503540	37500	-1.261171	-35.649640
24	0.487139	37500	-1.229786	-36.879426
25	0.471063	37500	-1.213845	-38.093271
26	0.455310	37500	-1.185103	-39.278374
27	0.439877	37500	-1.186965	-40.465339
28	0.424762	37500	-1.151130	-41.616469
29	0.409963	37500	-1.163683	-42.780152
30	0.395478	37500	-1.142830	-43.922982
31	0.381305	37500	-1.126200	-45.049182
32	0.367440	37500	-1.086175	-46.135357
33	0.353883	37500	-1.090649	-47.226006
34	0.340630	37500	-1.069331	-48.295337
35	0.327680	37500	-1.054290	-49.349627
36	0.315030	37500	-1.041146	-50.390772
37	0.302677	37500	-1.028789	-51.419562
38	0.290619	37500	-1.004215	-52.423776
39	0.278855	37500	-1.008294	-53.432070
40	0.267381	37500	-0.975373	-54.407443
41	0.256195	37500	-0.971708	-55.379151
42	0.245294	37500	-0.938217	-56.317368
43	0.234677	37500	-0.940850	-57.258218
44	0.224340	37500	-0.928251	-58.186469
45	0.214281	37500	-0.915287	-59.101756
46	0.204498	37500	-0.908205	-60.009961
47	0.194988	37500	-0.892521	-60.902482
48	0.185749	37500	-0.856223	-61.758706
49	0.176777	37500	-0.846893	-62.605599
50	0.168070	37500	-0.826966	-63.432565
51	0.159626	37500	-0.843897	-64.276462
52	0.151441	37500	-0.847744	-65.124206
53	0.143514	37500	-0.830960	-65.955166
54	0.135841	37500	-0.821780	-66.776946
55	0.128420	37500	-0.810586	-67.587532
56	0.121247	37500	-0.801871	-68.389403
57	0.114320	37500	-0.759238	-69.148642
58	0.107637	37500	-0.736033	-69.884675
59	0.101193	37500	-0.752248	-70.636923
60	0.094986	37500	-0.761785	-71.398708
61	0.089014	37500	-0.740102	-72.138811
62	0.083273	37500	-0.720149	-72.858960
63	0.077760	37500	-0.712310	-73.571270
64	0.072472	37500	-0.701713	-74.272983
65	0.067406	37500	-0.648250	-74.921234
66	0.062558	37500	-0.646335	-75.567569
67	0.057926	37500	-0.658689	-76.226258
68	0.053506	37500	-0.603779	-76.830038
69	0.049295	37500	-0.598082	-77.428120
70	0.045289	37500	-0.564545	-77.992665
71	0.041485	37500	-0.551812	-78.544477
72	0.037880	37500	-0.505375	-79.049853
73	0.034469	37500	-0.507528	-79.557381
74	0.031250	37500	-0.493272	-80.050652
75	0.028218	37500	-0.459046	-80.509698
76	0.025370	37500	-0.444083	-80.953781
77	0.022702	37500	-0.424518	-81.378300
78	0.020209	37500	-0.409841	-81.788141
79	0.017889	37500	-0.384123	-82.172264
80	0.015736	37500	-0.350874	-82.523139
81	0.013746	37500	-0.341149	-82.864287
82	0.011916	37500	-0.306092	-83.170379
83	0.010240	37500	-0.285041	-83.455421
84	0.008714	37500	-0.272216	-83.727637
85	0.007334	37500	-0.252919	-83.980555
86	0.006093	37500	-0.233023	-84.213579
87	0.004988	37500	-0.211302	-84.424880
88	0.004013	37500	-0.190200	-84.615081
89	0.003162	37500	-0.161369	-84.776450
90	0.002430	37500	-0.134099	-84.910549
91	0.001810	37500	-0.128048	-85.038597
92	0.001296	37500	-0.100786	-85.139382
93	0.000882	37500	-0.082559	-85.221941
94	0.000559	37500	-0.062712	-85.284654
95	0.000320	37500	-0.047644	-85.332298
96	0.000156	37500	-0.033078	-85.365376
97	0.000057	37500	-0.018920	-85.384295
98	0.000010	37500	-0.008925	-85.393220
99	0.000000	37500	-0.002013	-85.395232
Log marginal likelihood:	-85.395232
