Steppingstone sampler:
        No Stones:                  100
        Start It:                   20000001
        It Per Stone:               50000
        Sample Freq:                1
        Dist:                       Beta(0.400000,1.000000)
Stone No	Power	N	Stone MLh	Running MLh
0	0.975187	37500	-1.459473	-1.459473
1	0.950747	37500	-1.446465	-2.905938
2	0.926679	37500	-1.425014	-4.330952
3	0.902980	37500	-1.395577	-5.726529
4	0.879648	37500	-1.397835	-7.124364
5	0.856682	37500	-1.364615	-8.488978
6	0.834079	37500	-1.359985	-9.848963
7	0.811838	37500	-1.337504	-11.186467
8	0.789957	37500	-1.329000	-12.515468
9	0.768433	37500	-1.303526	-13.818993
10	0.747266	37500	-1.294136	-15.113129
11	0.726452	37500	-1.261757	-16.374886
12	0.705989	37500	-1.251093	-17.625979
13	0.685877	37500	-1.240049	-18.866028
14	0.666112	37500	-1.214887	-20.080915
15	0.646693	37500	-1.196357	-21.277272
16	0.627618	37500	-1.192779	-22.470051
17	0.608884	37500	-1.174222	-23.644274
18	0.590490	37500	-1.155887	-24.800161
19	0.572433	37500	-1.134193	-25.934354
20	0.554712	37500	-1.123540	-27.057894
21	0.537324	37500	-1.107628	-28.165522
22	0.520268	37500	-1.085770	-29.251292
23	0.503540	37500	-1.075505	-30.326797
24	0.487139	37500	-1.055625	-31.382422
25	0.471063	37500	-1.036760	-32.419182
26	0.455310	37500	-1.046062	-33.465244
27	0.439877	37500	-0.998241	-34.463486
28	0.424762	37500	-1.008130	-35.471616
29	0.409963	37500	-0.995567	-36.467182
30	0.395478	37500	-0.981445	-37.448628
31	0.381305	37500	-0.962837	-38.411465
32	0.367440	37500	-0.932348	-39.343813
33	0.353883	37500	-0.932277	-40.276090
34	0.340630	37500	-0.929319	-41.205408
35	0.327680	37500	-0.898236	-42.103644
36	0.315030	37500	-0.893551	-42.997195
37	0.302677	37500	-0.903172	-43.900367
38	0.290619	37500	-0.866978	-44.767345
39	0.278855	37500	-0.858575	-45.625920
40	0.267381	37500	-0.859474	-46.485394
41	0.256195	37500	-0.858268	-47.343662
42	0.245294	37500	-0.842577	-48.186240
43	0.234677	37500	-0.822676	-49.008915
44	0.224340	37500	-0.804974	-49.813890
45	0.214281	37500	-0.796278	-50.610168
46	0.204498	37500	-0.787379	-51.397546
47	0.194988	37500	-0.765446	-52.162993
48	0.185749	37500	-0.747318	-52.910310
49	0.176777	37500	-0.773370	-53.683680
50	0.168070	37500	-0.735700	-54.419381
51	0.159626	37500	-0.741808	-55.161189
52	0.151441	37500	-0.700796	-55.861984
53	0.143514	37500	-0.710763	-56.572748
54	0.135841	37500	-0.690918	-57.263666
55	0.128420	37500	-0.707112	-57.970778
56	0.121247	37500	-0.691780	-58.662558
57	0.114320	37500	-0.683435	-59.345993
58	0.107637	37500	-0.655975	-60.001968
59	0.101193	37500	-0.655861	-60.657829
60	0.094986	37500	-0.661024	-61.318853
61	0.089014	37500	-0.614408	-61.933262
62	0.083273	37500	-0.625915	-62.559176
63	0.077760	37500	-0.625008	-63.184184
64	0.072472	37500	-0.591629	-63.775813
65	0.067406	37500	-0.595387	-64.371200
66	0.062558	37500	-0.563231	-64.934431
67	0.057926	37500	-0.566328	-65.500758
68	0.053506	37500	-0.538079	-66.038837
69	0.049295	37500	-0.506740	-66.545577
70	0.045289	37500	-0.511460	-67.057037
71	0.041485	37500	-0.475506	-67.532543
72	0.037880	37500	-0.445105	-67.977648
73	0.034469	37500	-0.455161	-68.432809
74	0.031250	37500	-0.428432	-68.861241
75	0.028218	37500	-0.415719	-69.276960
76	0.025370	37500	-0.395429	-69.672389
77	0.022702	37500	-0.364391	-70.036780
78	0.020209	37500	-0.363620	-70.400400
79	0.017889	37500	-0.323469	-70.723868
80	0.015736	37500	-0.314216	-71.038084
81	0.013746	37500	-0.296609	-71.334693
82	0.011916	37500	-0.277655	-71.612348
83	0.010240	37500	-0.254987	-71.867335
84	0.008714	37500	-0.238404	-72.105739
85	0.007334	37500	-0.221034	-72.326774
86	0.006093	37500	-0.198738	-72.525512
87	0.004988	37500	-0.173372	-72.698884
88	0.004013	37500	-0.161142	-72.860026
89	0.003162	37500	-0.144938	-73.004964
90	0.002430	37500	-0.121360	-73.126324
91	0.001810	37500	-0.103478	-73.229802
92	0.001296	37500	-0.084231	-73.314033
93	0.000882	37500	-0.070340	-73.384373
94	0.000559	37500	-0.053040	-73.437413
95	0.000320	37500	-0.041321	-73.478734
96	0.000156	37500	-0.026976	-73.505710
97	0.000057	37500	-0.018214	-73.523923
98	0.000010	37500	-0.008123	-73.532047
99	0.000000	37500	-0.001679	-73.533726
Log marginal likelihood:	-73.533726
