Steppingstone sampler:
        No Stones:                  100
        Start It:                   20000001
        It Per Stone:               50000
        Sample Freq:                1
        Dist:                       Beta(0.400000,1.000000)
Stone No	Power	N	Stone MLh	Running MLh
0	0.975187	37500	-1.479653	-1.479653
1	0.950747	37500	-1.467927	-2.947580
2	0.926679	37500	-1.443375	-4.390955
3	0.902980	37500	-1.423501	-5.814456
4	0.879648	37500	-1.400974	-7.215430
5	0.856682	37500	-1.387334	-8.602764
6	0.834079	37500	-1.367276	-9.970040
7	0.811838	37500	-1.343272	-11.313312
8	0.789957	37500	-1.325533	-12.638845
9	0.768433	37500	-1.312326	-13.951171
10	0.747266	37500	-1.293791	-15.244963
11	0.726452	37500	-1.276545	-16.521508
12	0.705989	37500	-1.258623	-17.780131
13	0.685877	37500	-1.240055	-19.020186
14	0.666112	37500	-1.222779	-20.242965
15	0.646693	37500	-1.197090	-21.440055
16	0.627618	37500	-1.189555	-22.629610
17	0.608884	37500	-1.164222	-23.793833
18	0.590490	37500	-1.140252	-24.934085
19	0.572433	37500	-1.127652	-26.061736
20	0.554712	37500	-1.109096	-27.170832
21	0.537324	37500	-1.090403	-28.261235
22	0.520268	37500	-1.075174	-29.336409
23	0.503540	37500	-1.062040	-30.398450
24	0.487139	37500	-1.048834	-31.447284
25	0.471063	37500	-1.032955	-32.480239
26	0.455310	37500	-1.015062	-33.495301
27	0.439877	37500	-0.995936	-34.491237
28	0.424762	37500	-0.985561	-35.476797
29	0.409963	37500	-0.965210	-36.442008
30	0.395478	37500	-0.952135	-37.394143
31	0.381305	37500	-0.940918	-38.335061
32	0.367440	37500	-0.922724	-39.257786
33	0.353883	37500	-0.908307	-40.166092
34	0.340630	37500	-0.886406	-41.052498
35	0.327680	37500	-0.888484	-41.940983
36	0.315030	37500	-0.867906	-42.808889
37	0.302677	37500	-0.847501	-43.656390
38	0.290619	37500	-0.839660	-44.496049
39	0.278855	37500	-0.830999	-45.327048
40	0.267381	37500	-0.824013	-46.151061
41	0.256195	37500	-0.819242	-46.970303
42	0.245294	37500	-0.793800	-47.764104
43	0.234677	37500	-0.771508	-48.535611
44	0.224340	37500	-0.781661	-49.317272
45	0.214281	37500	-0.778987	-50.096260
46	0.204498	37500	-0.746988	-50.843248
47	0.194988	37500	-0.744704	-51.587952
48	0.185749	37500	-0.756952	-52.344904
49	0.176777	37500	-0.721714	-53.066618
50	0.168070	37500	-0.735891	-53.802509
51	0.159626	37500	-0.696691	-54.499200
52	0.151441	37500	-0.693337	-55.192537
53	0.143514	37500	-0.718762	-55.911300
54	0.135841	37500	-0.683877	-56.595176
55	0.128420	37500	-0.668967	-57.264143
56	0.121247	37500	-0.696386	-57.960529
57	0.114320	37500	-0.650715	-58.611244
58	0.107637	37500	-0.654148	-59.265393
59	0.101193	37500	-0.622547	-59.887940
60	0.094986	37500	-0.607218	-60.495158
61	0.089014	37500	-0.636726	-61.131884
62	0.083273	37500	-0.614082	-61.745966
63	0.077760	37500	-0.582585	-62.328552
64	0.072472	37500	-0.575014	-62.903566
65	0.067406	37500	-0.583348	-63.486914
66	0.062558	37500	-0.541057	-64.027971
67	0.057926	37500	-0.551072	-64.579043
68	0.053506	37500	-0.530579	-65.109622
69	0.049295	37500	-0.504923	-65.614545
70	0.045289	37500	-0.500065	-66.114609
71	0.041485	37500	-0.483577	-66.598186
72	0.037880	37500	-0.453635	-67.051821
73	0.034469	37500	-0.435563	-67.487384
74	0.031250	37500	-0.423605	-67.910989
75	0.028218	37500	-0.399652	-68.310641
76	0.025370	37500	-0.383266	-68.693907
77	0.022702	37500	-0.371755	-69.065662
78	0.020209	37500	-0.341327	-69.406988
79	0.017889	37500	-0.335595	-69.742584
80	0.015736	37500	-0.320899	-70.063483
81	0.013746	37500	-0.282391	-70.345874
82	0.011916	37500	-0.284314	-70.630188
83	0.010240	37500	-0.252966	-70.883155
84	0.008714	37500	-0.236538	-71.119692
85	0.007334	37500	-0.216591	-71.336283
86	0.006093	37500	-0.192820	-71.529103
87	0.004988	37500	-0.176986	-71.706089
88	0.004013	37500	-0.154079	-71.860168
89	0.003162	37500	-0.143102	-72.003270
90	0.002430	37500	-0.122733	-72.126003
91	0.001810	37500	-0.106602	-72.232605
92	0.001296	37500	-0.080965	-72.313569
93	0.000882	37500	-0.072396	-72.385965
94	0.000559	37500	-0.057480	-72.443445
95	0.000320	37500	-0.041881	-72.485326
96	0.000156	37500	-0.029714	-72.515040
97	0.000057	37500	-0.017539	-72.532579
98	0.000010	37500	-0.008171	-72.540750
99	0.000000	37500	-0.001752	-72.542502
Log marginal likelihood:	-72.542502
