Steppingstone sampler:
        No Stones:                  100
        Start It:                   20000001
        It Per Stone:               50000
        Sample Freq:                1
        Dist:                       Beta(0.400000,1.000000)
Stone No	Power	N	Stone MLh	Running MLh
0	0.975187	37500	-1.758167	-1.758167
1	0.950747	37500	-1.734224	-3.492391
2	0.926679	37500	-1.709239	-5.201630
3	0.902980	37500	-1.684900	-6.886530
4	0.879648	37500	-1.661283	-8.547813
5	0.856682	37500	-1.638711	-10.186524
6	0.834079	37500	-1.618594	-11.805119
7	0.811838	37500	-1.597287	-13.402406
8	0.789957	37500	-1.572086	-14.974491
9	0.768433	37500	-1.549885	-16.524377
10	0.747266	37500	-1.527572	-18.051949
11	0.726452	37500	-1.511334	-19.563283
12	0.705989	37500	-1.480951	-21.044234
13	0.685877	37500	-1.460052	-22.504286
14	0.666112	37500	-1.437064	-23.941350
15	0.646693	37500	-1.415514	-25.356864
16	0.627618	37500	-1.389398	-26.746262
17	0.608884	37500	-1.373659	-28.119922
18	0.590490	37500	-1.353301	-29.473222
19	0.572433	37500	-1.334020	-30.807242
20	0.554712	37500	-1.307883	-32.115125
21	0.537324	37500	-1.296074	-33.411199
22	0.520268	37500	-1.268047	-34.679247
23	0.503540	37500	-1.251301	-35.930548
24	0.487139	37500	-1.233704	-37.164252
25	0.471063	37500	-1.204880	-38.369132
26	0.455310	37500	-1.184832	-39.553963
27	0.439877	37500	-1.170104	-40.724067
28	0.424762	37500	-1.149112	-41.873180
29	0.409963	37500	-1.130334	-43.003514
30	0.395478	37500	-1.113717	-44.117231
31	0.381305	37500	-1.093752	-45.210984
32	0.367440	37500	-1.081091	-46.292075
33	0.353883	37500	-1.051862	-47.343937
34	0.340630	37500	-1.048067	-48.392005
35	0.327680	37500	-1.020687	-49.412692
36	0.315030	37500	-1.006876	-50.419567
37	0.302677	37500	-0.991436	-51.411004
38	0.290619	37500	-0.977936	-52.388940
39	0.278855	37500	-0.962875	-53.351815
40	0.267381	37500	-0.946871	-54.298686
41	0.256195	37500	-0.946226	-55.244912
42	0.245294	37500	-0.928200	-56.173112
43	0.234677	37500	-0.917012	-57.090124
44	0.224340	37500	-0.887085	-57.977209
45	0.214281	37500	-0.871834	-58.849043
46	0.204498	37500	-0.867531	-59.716574
47	0.194988	37500	-0.874529	-60.591103
48	0.185749	37500	-0.858383	-61.449486
49	0.176777	37500	-0.835126	-62.284613
50	0.168070	37500	-0.810244	-63.094857
51	0.159626	37500	-0.809922	-63.904779
52	0.151441	37500	-0.784424	-64.689203
53	0.143514	37500	-0.784616	-65.473819
54	0.135841	37500	-0.773580	-66.247398
55	0.128420	37500	-0.768538	-67.015936
56	0.121247	37500	-0.744067	-67.760003
57	0.114320	37500	-0.765237	-68.525241
58	0.107637	37500	-0.765415	-69.290655
59	0.101193	37500	-0.744596	-70.035251
60	0.094986	37500	-0.712385	-70.747636
61	0.089014	37500	-0.712057	-71.459693
62	0.083273	37500	-0.683235	-72.142928
63	0.077760	37500	-0.691296	-72.834224
64	0.072472	37500	-0.670904	-73.505128
65	0.067406	37500	-0.624447	-74.129575
66	0.062558	37500	-0.660513	-74.790088
67	0.057926	37500	-0.599122	-75.389210
68	0.053506	37500	-0.606319	-75.995529
69	0.049295	37500	-0.603947	-76.599475
70	0.045289	37500	-0.554422	-77.153897
71	0.041485	37500	-0.543979	-77.697876
72	0.037880	37500	-0.540997	-78.238872
73	0.034469	37500	-0.506585	-78.745457
74	0.031250	37500	-0.491267	-79.236724
75	0.028218	37500	-0.458213	-79.694938
76	0.025370	37500	-0.454885	-80.149823
77	0.022702	37500	-0.434803	-80.584626
78	0.020209	37500	-0.401408	-80.986034
79	0.017889	37500	-0.395285	-81.381319
80	0.015736	37500	-0.361374	-81.742692
81	0.013746	37500	-0.335733	-82.078425
82	0.011916	37500	-0.330759	-82.409185
83	0.010240	37500	-0.292576	-82.701760
84	0.008714	37500	-0.276998	-82.978759
85	0.007334	37500	-0.246908	-83.225667
86	0.006093	37500	-0.227050	-83.452717
87	0.004988	37500	-0.206185	-83.658902
88	0.004013	37500	-0.187209	-83.846111
89	0.003162	37500	-0.167207	-84.013318
90	0.002430	37500	-0.142522	-84.155840
91	0.001810	37500	-0.121194	-84.277034
92	0.001296	37500	-0.105254	-84.382288
93	0.000882	37500	-0.079345	-84.461633
94	0.000559	37500	-0.064114	-84.525746
95	0.000320	37500	-0.049347	-84.575093
96	0.000156	37500	-0.032740	-84.607833
97	0.000057	37500	-0.021148	-84.628981
98	0.000010	37500	-0.009141	-84.638122
99	0.000000	37500	-0.002152	-84.640274
Log marginal likelihood:	-84.640274
