Steppingstone sampler:
        No Stones:                  100
        Start It:                   20000001
        It Per Stone:               50000
        Sample Freq:                1
        Dist:                       Beta(0.400000,1.000000)
Stone No	Power	N	Stone MLh	Running MLh
0	0.975187	37500	-1.477280	-1.477280
1	0.950747	37500	-1.456286	-2.933566
2	0.926679	37500	-1.434847	-4.368414
3	0.902980	37500	-1.414101	-5.782515
4	0.879648	37500	-1.391605	-7.174119
5	0.856682	37500	-1.372094	-8.546213
6	0.834079	37500	-1.349563	-9.895776
7	0.811838	37500	-1.330343	-11.226119
8	0.789957	37500	-1.310667	-12.536786
9	0.768433	37500	-1.290044	-13.826831
10	0.747266	37500	-1.272427	-15.099258
11	0.726452	37500	-1.250044	-16.349301
12	0.705989	37500	-1.232655	-17.581957
13	0.685877	37500	-1.214055	-18.796011
14	0.666112	37500	-1.193473	-19.989484
15	0.646693	37500	-1.175138	-21.164622
16	0.627618	37500	-1.154360	-22.318982
17	0.608884	37500	-1.136814	-23.455796
18	0.590490	37500	-1.116931	-24.572727
19	0.572433	37500	-1.098372	-25.671098
20	0.554712	37500	-1.078670	-26.749768
21	0.537324	37500	-1.060161	-27.809929
22	0.520268	37500	-1.043634	-28.853562
23	0.503540	37500	-1.024097	-29.877659
24	0.487139	37500	-1.007369	-30.885028
25	0.471063	37500	-0.989316	-31.874344
26	0.455310	37500	-0.970486	-32.844830
27	0.439877	37500	-0.953600	-33.798431
28	0.424762	37500	-0.933393	-34.731824
29	0.409963	37500	-0.919915	-35.651739
30	0.395478	37500	-0.899221	-36.550960
31	0.381305	37500	-0.882942	-37.433902
32	0.367440	37500	-0.869788	-38.303690
33	0.353883	37500	-0.851294	-39.154984
34	0.340630	37500	-0.842491	-39.997475
35	0.327680	37500	-0.823539	-40.821013
36	0.315030	37500	-0.803231	-41.624244
37	0.302677	37500	-0.785022	-42.409267
38	0.290619	37500	-0.777466	-43.186733
39	0.278855	37500	-0.765555	-43.952287
40	0.267381	37500	-0.748893	-44.701180
41	0.256195	37500	-0.728177	-45.429357
42	0.245294	37500	-0.707007	-46.136364
43	0.234677	37500	-0.698513	-46.834878
44	0.224340	37500	-0.687957	-47.522835
45	0.214281	37500	-0.669116	-48.191951
46	0.204498	37500	-0.663600	-48.855551
47	0.194988	37500	-0.647658	-49.503209
48	0.185749	37500	-0.635810	-50.139019
49	0.176777	37500	-0.619133	-50.758152
50	0.168070	37500	-0.601055	-51.359207
51	0.159626	37500	-0.602876	-51.962083
52	0.151441	37500	-0.586266	-52.548349
53	0.143514	37500	-0.575038	-53.123387
54	0.135841	37500	-0.564764	-53.688151
55	0.128420	37500	-0.585692	-54.273842
56	0.121247	37500	-0.559621	-54.833463
57	0.114320	37500	-0.544263	-55.377726
58	0.107637	37500	-0.537066	-55.914792
59	0.101193	37500	-0.514038	-56.428830
60	0.094986	37500	-0.512055	-56.940885
61	0.089014	37500	-0.497070	-57.437955
62	0.083273	37500	-0.488887	-57.926843
63	0.077760	37500	-0.497696	-58.424538
64	0.072472	37500	-0.486632	-58.911170
65	0.067406	37500	-0.486184	-59.397354
66	0.062558	37500	-0.478395	-59.875749
67	0.057926	37500	-0.445373	-60.321122
68	0.053506	37500	-0.451764	-60.772886
69	0.049295	37500	-0.445799	-61.218685
70	0.045289	37500	-0.437089	-61.655774
71	0.041485	37500	-0.411213	-62.066987
72	0.037880	37500	-0.424839	-62.491826
73	0.034469	37500	-0.409619	-62.901445
74	0.031250	37500	-0.397062	-63.298507
75	0.028218	37500	-0.372315	-63.670823
76	0.025370	37500	-0.363962	-64.034785
77	0.022702	37500	-0.346277	-64.381062
78	0.020209	37500	-0.329505	-64.710567
79	0.017889	37500	-0.318393	-65.028960
80	0.015736	37500	-0.305878	-65.334838
81	0.013746	37500	-0.275759	-65.610597
82	0.011916	37500	-0.262240	-65.872837
83	0.010240	37500	-0.256265	-66.129102
84	0.008714	37500	-0.230715	-66.359817
85	0.007334	37500	-0.233023	-66.592839
86	0.006093	37500	-0.193918	-66.786757
87	0.004988	37500	-0.178265	-66.965022
88	0.004013	37500	-0.162876	-67.127898
89	0.003162	37500	-0.138684	-67.266582
90	0.002430	37500	-0.127728	-67.394309
91	0.001810	37500	-0.115232	-67.509541
92	0.001296	37500	-0.090386	-67.599927
93	0.000882	37500	-0.072784	-67.672711
94	0.000559	37500	-0.060307	-67.733017
95	0.000320	37500	-0.042444	-67.775461
96	0.000156	37500	-0.030693	-67.806154
97	0.000057	37500	-0.018595	-67.824749
98	0.000010	37500	-0.008690	-67.833439
99	0.000000	37500	-0.001838	-67.835277
Log marginal likelihood:	-67.835277
