Steppingstone sampler:
        No Stones:                  100
        Start It:                   20000001
        It Per Stone:               50000
        Sample Freq:                1
        Dist:                       Beta(0.400000,1.000000)
Stone No	Power	N	Stone MLh	Running MLh
0	0.975187	37500	-1.774899	-1.774899
1	0.950747	37500	-1.751552	-3.526450
2	0.926679	37500	-1.724869	-5.251320
3	0.902980	37500	-1.703013	-6.954333
4	0.879648	37500	-1.675607	-8.629940
5	0.856682	37500	-1.649901	-10.279842
6	0.834079	37500	-1.626046	-11.905888
7	0.811838	37500	-1.600627	-13.506515
8	0.789957	37500	-1.575996	-15.082511
9	0.768433	37500	-1.553580	-16.636090
10	0.747266	37500	-1.528853	-18.164944
11	0.726452	37500	-1.503729	-19.668673
12	0.705989	37500	-1.480377	-21.149050
13	0.685877	37500	-1.458199	-22.607249
14	0.666112	37500	-1.436052	-24.043301
15	0.646693	37500	-1.408335	-25.451635
16	0.627618	37500	-1.385972	-26.837607
17	0.608884	37500	-1.366948	-28.204555
18	0.590490	37500	-1.340230	-29.544785
19	0.572433	37500	-1.315848	-30.860633
20	0.554712	37500	-1.296330	-32.156963
21	0.537324	37500	-1.274232	-33.431195
22	0.520268	37500	-1.250547	-34.681742
23	0.503540	37500	-1.227440	-35.909182
24	0.487139	37500	-1.205106	-37.114288
25	0.471063	37500	-1.184762	-38.299050
26	0.455310	37500	-1.162765	-39.461816
27	0.439877	37500	-1.142854	-40.604670
28	0.424762	37500	-1.117402	-41.722071
29	0.409963	37500	-1.100229	-42.822300
30	0.395478	37500	-1.079608	-43.901908
31	0.381305	37500	-1.058204	-44.960112
32	0.367440	37500	-1.036808	-45.996920
33	0.353883	37500	-1.017664	-47.014585
34	0.340630	37500	-0.999734	-48.014319
35	0.327680	37500	-0.976613	-48.990932
36	0.315030	37500	-0.958972	-49.949904
37	0.302677	37500	-0.943045	-50.892949
38	0.290619	37500	-0.920722	-51.813671
39	0.278855	37500	-0.901323	-52.714994
40	0.267381	37500	-0.880993	-53.595988
41	0.256195	37500	-0.865662	-54.461649
42	0.245294	37500	-0.847960	-55.309609
43	0.234677	37500	-0.827077	-56.136687
44	0.224340	37500	-0.816718	-56.953405
45	0.214281	37500	-0.792098	-57.745502
46	0.204498	37500	-0.784106	-58.529609
47	0.194988	37500	-0.756499	-59.286108
48	0.185749	37500	-0.747685	-60.033794
49	0.176777	37500	-0.733228	-60.767022
50	0.168070	37500	-0.715413	-61.482435
51	0.159626	37500	-0.700442	-62.182876
52	0.151441	37500	-0.679926	-62.862803
53	0.143514	37500	-0.678188	-63.540990
54	0.135841	37500	-0.656676	-64.197667
55	0.128420	37500	-0.675925	-64.873592
56	0.121247	37500	-0.652852	-65.526444
57	0.114320	37500	-0.617518	-66.143963
58	0.107637	37500	-0.602908	-66.746870
59	0.101193	37500	-0.620969	-67.367839
60	0.094986	37500	-0.600143	-67.967982
61	0.089014	37500	-0.597008	-68.564990
62	0.083273	37500	-0.578053	-69.143043
63	0.077760	37500	-0.593444	-69.736487
64	0.072472	37500	-0.588023	-70.324510
65	0.067406	37500	-0.562253	-70.886763
66	0.062558	37500	-0.562118	-71.448881
67	0.057926	37500	-0.552882	-72.001763
68	0.053506	37500	-0.510245	-72.512008
69	0.049295	37500	-0.549751	-73.061759
70	0.045289	37500	-0.492225	-73.553983
71	0.041485	37500	-0.471968	-74.025952
72	0.037880	37500	-0.487389	-74.513341
73	0.034469	37500	-0.470268	-74.983608
74	0.031250	37500	-0.454614	-75.438223
75	0.028218	37500	-0.436317	-75.874540
76	0.025370	37500	-0.434836	-76.309376
77	0.022702	37500	-0.403434	-76.712810
78	0.020209	37500	-0.377058	-77.089868
79	0.017889	37500	-0.370860	-77.460728
80	0.015736	37500	-0.349622	-77.810351
81	0.013746	37500	-0.315426	-78.125777
82	0.011916	37500	-0.315262	-78.441039
83	0.010240	37500	-0.288315	-78.729353
84	0.008714	37500	-0.271618	-79.000971
85	0.007334	37500	-0.253927	-79.254898
86	0.006093	37500	-0.225582	-79.480480
87	0.004988	37500	-0.210569	-79.691049
88	0.004013	37500	-0.190439	-79.881487
89	0.003162	37500	-0.168408	-80.049895
90	0.002430	37500	-0.144582	-80.194477
91	0.001810	37500	-0.121285	-80.315762
92	0.001296	37500	-0.105029	-80.420791
93	0.000882	37500	-0.090492	-80.511283
94	0.000559	37500	-0.067194	-80.578476
95	0.000320	37500	-0.051362	-80.629839
96	0.000156	37500	-0.034178	-80.664016
97	0.000057	37500	-0.020160	-80.684176
98	0.000010	37500	-0.009686	-80.693862
99	0.000000	37500	-0.002207	-80.696069
Log marginal likelihood:	-80.696069
